frequency,raw,error,smoothed,error_smoothed,equalization,parametric_eq,fixed_band_eq,equalized_raw,equalized_smoothed,target
20.00,-2.98,-2.35,-3.00,-2.37,2.30,-0.28,-0.07,-0.68,-0.69,-0.63
20.20,-2.82,-2.24,-2.81,-2.23,2.21,-0.28,-0.07,-0.61,-0.60,-0.58
20.40,-2.66,-2.13,-2.64,-2.11,2.12,-0.29,-0.07,-0.54,-0.52,-0.53
20.61,-2.50,-2.01,-2.49,-2.00,2.04,-0.29,-0.07,-0.47,-0.45,-0.50
20.81,-2.34,-1.89,-2.34,-1.89,1.96,-0.30,-0.07,-0.38,-0.38,-0.45
21.02,-2.19,-1.78,-2.22,-1.81,1.88,-0.31,-0.07,-0.31,-0.34,-0.41
21.23,-2.15,-1.76,-2.14,-1.76,1.81,-0.31,-0.07,-0.34,-0.33,-0.39
21.44,-2.10,-1.73,-2.10,-1.73,1.74,-0.32,-0.07,-0.36,-0.36,-0.37
21.66,-2.06,-1.71,-2.06,-1.71,1.69,-0.33,-0.07,-0.37,-0.37,-0.35
21.87,-2.02,-1.68,-2.02,-1.68,1.64,-0.33,-0.07,-0.38,-0.37,-0.34
22.09,-1.96,-1.64,-1.96,-1.64,1.59,-0.34,-0.07,-0.37,-0.36,-0.32
22.31,-1.88,-1.57,-1.88,-1.57,1.54,-0.35,-0.07,-0.34,-0.34,-0.31
22.54,-1.79,-1.49,-1.79,-1.48,1.48,-0.35,-0.07,-0.31,-0.31,-0.31
22.76,-1.70,-1.39,-1.70,-1.39,1.42,-0.36,-0.07,-0.28,-0.28,-0.31
22.99,-1.61,-1.29,-1.62,-1.31,1.35,-0.37,-0.07,-0.26,-0.27,-0.32
23.22,-1.56,-1.24,-1.56,-1.24,1.29,-0.37,-0.07,-0.28,-0.27,-0.32
23.45,-1.51,-1.19,-1.51,-1.20,1.21,-0.38,-0.07,-0.30,-0.30,-0.32
23.69,-1.46,-1.15,-1.47,-1.16,1.13,-0.39,-0.07,-0.33,-0.34,-0.31
23.92,-1.42,-1.11,-1.40,-1.09,1.05,-0.40,-0.07,-0.37,-0.35,-0.31
24.16,-1.31,-1.00,-1.30,-1.00,0.95,-0.41,-0.07,-0.36,-0.35,-0.31
24.40,-1.17,-0.87,-1.18,-0.87,0.84,-0.42,-0.07,-0.33,-0.34,-0.30
24.65,-1.03,-0.73,-1.04,-0.73,0.71,-0.42,-0.07,-0.32,-0.33,-0.31
24.89,-0.90,-0.59,-0.90,-0.59,0.57,-0.43,-0.07,-0.33,-0.33,-0.31
25.14,-0.76,-0.45,-0.76,-0.46,0.44,-0.44,-0.07,-0.32,-0.32,-0.31
25.39,-0.62,-0.32,-0.61,-0.31,0.33,-0.45,-0.07,-0.29,-0.28,-0.30
25.65,-0.49,-0.19,-0.47,-0.17,0.25,-0.46,-0.07,-0.24,-0.22,-0.30
25.91,-0.35,-0.05,-0.39,-0.09,0.21,-0.47,-0.07,-0.15,-0.18,-0.31
26.16,-0.36,-0.06,-0.38,-0.08,0.19,-0.48,-0.07,-0.18,-0.20,-0.31
26.43,-0.46,-0.15,-0.46,-0.15,0.18,-0.49,-0.07,-0.28,-0.28,-0.31
26.69,-0.56,-0.25,-0.56,-0.25,0.17,-0.50,-0.07,-0.39,-0.39,-0.31
26.96,-0.65,-0.34,-0.61,-0.30,0.17,-0.51,-0.08,-0.48,-0.44,-0.31
27.23,-0.59,-0.28,-0.59,-0.28,0.18,-0.52,-0.08,-0.42,-0.41,-0.31
27.50,-0.49,-0.18,-0.50,-0.19,0.17,-0.53,-0.08,-0.32,-0.33,-0.31
27.77,-0.40,-0.08,-0.40,-0.09,0.15,-0.55,-0.08,-0.25,-0.25,-0.32
28.05,-0.32,-0.00,-0.34,-0.02,0.10,-0.56,-0.09,-0.22,-0.24,-0.32
28.33,-0.30,0.03,-0.31,0.02,0.02,-0.57,-0.09,-0.28,-0.29,-0.33
28.62,-0.28,0.05,-0.28,0.04,-0.07,-0.58,-0.10,-0.36,-0.36,-0.33
28.90,-0.26,0.06,-0.24,0.09,-0.17,-0.60,-0.10,-0.43,-0.40,-0.32
29.19,-0.15,0.18,-0.14,0.19,-0.24,-0.61,-0.11,-0.40,-0.38,-0.33
29.48,0.01,0.33,0.01,0.33,-0.31,-0.62,-0.12,-0.30,-0.31,-0.32
29.78,0.16,0.48,0.15,0.47,-0.39,-0.64,-0.13,-0.23,-0.24,-0.33
30.08,0.28,0.59,0.25,0.57,-0.48,-0.65,-0.14,-0.21,-0.24,-0.32
30.38,0.29,0.62,0.28,0.60,-0.60,-0.66,-0.15,-0.31,-0.32,-0.33
30.68,0.30,0.63,0.30,0.63,-0.72,-0.68,-0.16,-0.42,-0.42,-0.33
30.99,0.31,0.64,0.36,0.69,-0.82,-0.69,-0.17,-0.52,-0.47,-0.33
31.30,0.49,0.82,0.50,0.84,-0.91,-0.71,-0.18,-0.42,-0.41,-0.34
31.61,0.68,1.02,0.68,1.02,-0.97,-0.73,-0.20,-0.29,-0.29,-0.34
31.93,0.88,1.21,0.81,1.15,-1.01,-0.74,-0.21,-0.14,-0.20,-0.34
32.24,0.85,1.19,0.84,1.18,-1.03,-0.76,-0.23,-0.19,-0.20,-0.35
32.57,0.75,1.10,0.77,1.12,-1.04,-0.78,-0.24,-0.29,-0.26,-0.35
32.89,0.66,1.01,0.67,1.02,-1.02,-0.80,-0.26,-0.36,-0.35,-0.35
33.22,0.59,0.95,0.58,0.94,-0.99,-0.81,-0.28,-0.40,-0.41,-0.36
33.55,0.53,0.89,0.52,0.88,-0.95,-0.83,-0.30,-0.42,-0.44,-0.36
33.89,0.47,0.84,0.49,0.86,-0.93,-0.85,-0.32,-0.46,-0.44,-0.37
34.23,0.50,0.87,0.50,0.87,-0.94,-0.87,-0.35,-0.44,-0.43,-0.37
34.57,0.58,0.96,0.56,0.94,-0.98,-0.89,-0.37,-0.41,-0.42,-0.38
34.92,0.66,1.04,0.66,1.04,-1.06,-0.91,-0.39,-0.41,-0.40,-0.38
35.27,0.78,1.16,0.78,1.17,-1.16,-0.93,-0.42,-0.39,-0.38,-0.39
35.62,0.91,1.30,0.91,1.29,-1.27,-0.96,-0.45,-0.37,-0.37,-0.39
35.97,1.04,1.43,1.02,1.41,-1.38,-0.98,-0.47,-0.34,-0.36,-0.39
36.33,1.11,1.50,1.12,1.51,-1.47,-1.00,-0.50,-0.36,-0.35,-0.39
36.70,1.18,1.58,1.19,1.58,-1.54,-1.03,-0.53,-0.36,-0.35,-0.40
37.06,1.24,1.64,1.22,1.62,-1.58,-1.05,-0.56,-0.34,-0.36,-0.40
37.43,1.24,1.63,1.24,1.63,-1.61,-1.08,-0.59,-0.37,-0.37,-0.39
37.81,1.23,1.62,1.24,1.63,-1.63,-1.10,-0.62,-0.40,-0.39,-0.39
38.19,1.22,1.62,1.21,1.59,-1.63,-1.13,-0.66,-0.41,-0.43,-0.40
38.57,1.19,1.58,1.18,1.57,-1.63,-1.16,-0.69,-0.44,-0.44,-0.39
38.95,1.16,1.54,1.19,1.58,-1.61,-1.18,-0.73,-0.45,-0.42,-0.38
39.34,1.22,1.61,1.23,1.62,-1.59,-1.21,-0.76,-0.37,-0.36,-0.39
39.74,1.29,1.68,1.27,1.65,-1.58,-1.24,-0.80,-0.29,-0.31,-0.39
40.14,1.30,1.69,1.25,1.64,-1.58,-1.27,-0.84,-0.28,-0.33,-0.39
40.54,1.19,1.58,1.19,1.58,-1.59,-1.30,-0.87,-0.40,-0.40,-0.39
40.94,1.08,1.48,1.14,1.54,-1.62,-1.34,-0.91,-0.55,-0.48,-0.40
41.35,1.16,1.56,1.16,1.56,-1.67,-1.37,-0.95,-0.51,-0.50,-0.40
41.76,1.28,1.69,1.26,1.66,-1.72,-1.40,-0.99,-0.44,-0.46,-0.41
42.18,1.39,1.80,1.38,1.79,-1.78,-1.44,-1.04,-0.39,-0.40,-0.41
42.60,1.47,1.89,1.47,1.89,-1.84,-1.47,-1.08,-0.37,-0.37,-0.42
43.03,1.54,1.97,1.54,1.96,-1.90,-1.51,-1.12,-0.37,-0.37,-0.43
43.46,1.57,2.01,1.58,2.02,-1.97,-1.54,-1.17,-0.40,-0.39,-0.44
43.90,1.60,2.06,1.58,2.04,-2.01,-1.58,-1.21,-0.41,-0.43,-0.46
44.33,1.56,2.04,1.55,2.03,-2.03,-1.62,-1.26,-0.47,-0.48,-0.48
44.78,1.50,2.00,1.52,2.02,-2.02,-1.66,-1.31,-0.52,-0.50,-0.50
45.23,1.49,2.00,1.51,2.02,-2.01,-1.70,-1.36,-0.52,-0.50,-0.51
45.68,1.52,2.04,1.50,2.02,-2.01,-1.74,-1.41,-0.49,-0.51,-0.52
46.13,1.51,2.05,1.46,1.99,-2.02,-1.78,-1.46,-0.51,-0.56,-0.54
46.60,1.42,1.96,1.43,1.97,-2.04,-1.82,-1.51,-0.62,-0.61,-0.54
47.06,1.36,1.92,1.44,1.99,-2.07,-1.86,-1.56,-0.71,-0.63,-0.56
47.53,1.51,2.08,1.50,2.06,-2.10,-1.90,-1.62,-0.59,-0.60,-0.57
48.01,1.65,2.22,1.60,2.17,-2.14,-1.94,-1.67,-0.49,-0.54,-0.57
48.49,1.66,2.25,1.67,2.26,-2.16,-1.98,-1.72,-0.51,-0.50,-0.59
48.97,1.67,2.28,1.66,2.26,-2.19,-2.02,-1.78,-0.52,-0.53,-0.61
49.46,1.61,2.24,1.61,2.24,-2.21,-2.06,-1.84,-0.61,-0.61,-0.63
49.96,1.55,2.20,1.56,2.21,-2.23,-2.11,-1.89,-0.68,-0.67,-0.65
50.46,1.53,2.19,1.53,2.19,-2.23,-2.15,-1.95,-0.71,-0.71,-0.66
50.96,1.52,2.19,1.52,2.19,-2.23,-2.19,-2.01,-0.71,-0.71,-0.67
51.47,1.53,2.22,1.53,2.21,-2.22,-2.23,-2.06,-0.69,-0.69,-0.69
51.99,1.54,2.24,1.53,2.23,-2.22,-2.26,-2.12,-0.68,-0.69,-0.70
52.51,1.54,2.25,1.54,2.24,-2.23,-2.30,-2.18,-0.70,-0.70,-0.71
53.03,1.54,2.25,1.54,2.25,-2.25,-2.34,-2.24,-0.72,-0.72,-0.71
53.56,1.54,2.27,1.54,2.26,-2.28,-2.37,-2.29,-0.74,-0.74,-0.73
54.10,1.54,2.28,1.54,2.28,-2.29,-2.41,-2.35,-0.75,-0.75,-0.74
54.64,1.55,2.31,1.55,2.30,-2.30,-2.44,-2.40,-0.75,-0.75,-0.76
55.18,1.56,2.32,1.57,2.33,-2.30,-2.47,-2.46,-0.75,-0.74,-0.76
55.74,1.58,2.36,1.56,2.33,-2.31,-2.50,-2.51,-0.73,-0.75,-0.78
56.29,1.55,2.34,1.53,2.31,-2.31,-2.52,-2.56,-0.76,-0.78,-0.79
56.86,1.46,2.26,1.49,2.29,-2.31,-2.55,-2.61,-0.85,-0.82,-0.80
57.42,1.45,2.28,1.46,2.28,-2.30,-2.57,-2.65,-0.85,-0.84,-0.83
58.00,1.46,2.30,1.46,2.29,-2.29,-2.59,-2.70,-0.83,-0.83,-0.84
58.58,1.47,2.32,1.46,2.31,-2.29,-2.61,-2.74,-0.82,-0.83,-0.85
59.16,1.46,2.33,1.43,2.30,-2.29,-2.63,-2.78,-0.83,-0.86,-0.87
59.76,1.37,2.26,1.39,2.28,-2.30,-2.64,-2.82,-0.93,-0.91,-0.89
60.35,1.34,2.27,1.35,2.28,-2.32,-2.66,-2.85,-0.98,-0.96,-0.93
60.96,1.34,2.31,1.35,2.31,-2.33,-2.67,-2.88,-0.99,-0.99,-0.97
61.57,1.37,2.38,1.36,2.37,-2.35,-2.68,-2.91,-0.98,-0.99,-1.01
62.18,1.38,2.43,1.36,2.41,-2.37,-2.68,-2.93,-0.99,-1.01,-1.05
62.80,1.33,2.43,1.33,2.42,-2.40,-2.69,-2.95,-1.07,-1.07,-1.10
63.43,1.28,2.42,1.28,2.42,-2.44,-2.70,-2.97,-1.16,-1.15,-1.14
64.07,1.24,2.43,1.25,2.43,-2.47,-2.70,-2.98,-1.24,-1.23,-1.19
64.71,1.24,2.47,1.24,2.47,-2.50,-2.70,-2.99,-1.26,-1.26,-1.23
65.35,1.25,2.52,1.25,2.53,-2.52,-2.71,-3.00,-1.27,-1.27,-1.27
66.01,1.28,2.60,1.26,2.58,-2.54,-2.71,-3.01,-1.26,-1.28,-1.32
66.67,1.24,2.61,1.24,2.61,-2.55,-2.71,-3.01,-1.31,-1.31,-1.37
67.33,1.19,2.61,1.19,2.60,-2.57,-2.71,-3.01,-1.38,-1.38,-1.42
68.01,1.14,2.60,1.11,2.57,-2.59,-2.71,-3.01,-1.46,-1.49,-1.46
68.69,1.02,2.53,1.05,2.56,-2.61,-2.71,-3.00,-1.59,-1.56,-1.51
69.37,1.00,2.56,1.03,2.59,-2.62,-2.72,-3.00,-1.63,-1.59,-1.56
70.07,1.05,2.66,1.04,2.64,-2.64,-2.72,-2.99,-1.59,-1.60,-1.61
70.77,1.08,2.74,1.04,2.69,-2.66,-2.72,-2.98,-1.58,-1.63,-1.66
71.48,1.01,2.72,1.01,2.72,-2.70,-2.72,-2.97,-1.69,-1.69,-1.71
72.19,0.93,2.71,0.96,2.74,-2.75,-2.72,-2.96,-1.82,-1.79,-1.78
72.91,0.93,2.77,0.93,2.76,-2.80,-2.73,-2.95,-1.87,-1.87,-1.84
73.64,0.93,2.82,0.92,2.81,-2.84,-2.73,-2.94,-1.91,-1.92,-1.89
74.38,0.93,2.88,0.94,2.89,-2.87,-2.73,-2.93,-1.94,-1.93,-1.95
75.12,0.93,2.94,0.94,2.95,-2.90,-2.74,-2.92,-1.97,-1.96,-2.01
75.87,0.96,3.03,0.92,2.98,-2.93,-2.74,-2.91,-1.97,-2.01,-2.07
76.63,0.87,2.99,0.86,2.98,-2.96,-2.75,-2.90,-2.09,-2.10,-2.12
77.40,0.77,2.94,0.79,2.96,-2.99,-2.76,-2.90,-2.22,-2.20,-2.17
78.17,0.70,2.93,0.73,2.95,-3.02,-2.77,-2.89,-2.32,-2.29,-2.23
78.95,0.73,3.00,0.72,2.99,-3.04,-2.78,-2.89,-2.31,-2.32,-2.27
79.74,0.73,3.05,0.73,3.05,-3.05,-2.78,-2.88,-2.32,-2.32,-2.32
80.54,0.75,3.12,0.74,3.11,-3.06,-2.80,-2.88,-2.31,-2.32,-2.37
81.35,0.73,3.15,0.72,3.14,-3.08,-2.81,-2.88,-2.35,-2.36,-2.42
82.16,0.66,3.13,0.67,3.14,-3.10,-2.82,-2.88,-2.44,-2.43,-2.47
82.98,0.63,3.14,0.60,3.11,-3.13,-2.83,-2.88,-2.50,-2.53,-2.51
83.81,0.52,3.08,0.54,3.10,-3.16,-2.85,-2.89,-2.64,-2.61,-2.56
84.65,0.50,3.11,0.51,3.12,-3.17,-2.86,-2.90,-2.67,-2.66,-2.61
85.50,0.52,3.17,0.52,3.17,-3.18,-2.88,-2.91,-2.66,-2.67,-2.65
86.35,0.54,3.24,0.54,3.23,-3.19,-2.89,-2.92,-2.66,-2.66,-2.70
87.22,0.55,3.30,0.53,3.28,-3.22,-2.91,-2.93,-2.67,-2.68,-2.75
88.09,0.49,3.29,0.48,3.28,-3.25,-2.93,-2.95,-2.76,-2.77,-2.80
88.97,0.41,3.27,0.40,3.26,-3.28,-2.95,-2.97,-2.87,-2.88,-2.86
89.86,0.31,3.22,0.34,3.25,-3.31,-2.96,-2.99,-3.00,-2.97,-2.91
90.76,0.31,3.27,0.32,3.28,-3.33,-2.98,-3.01,-3.02,-3.00,-2.96
91.66,0.35,3.36,0.34,3.35,-3.34,-3.00,-3.04,-2.99,-3.00,-3.01
92.58,0.37,3.44,0.35,3.41,-3.35,-3.03,-3.07,-2.98,-3.00,-3.07
93.51,0.32,3.44,0.31,3.42,-3.37,-3.05,-3.09,-3.05,-3.06,-3.12
94.44,0.22,3.38,0.23,3.39,-3.39,-3.07,-3.13,-3.17,-3.16,-3.16
95.39,0.15,3.36,0.16,3.36,-3.42,-3.09,-3.16,-3.27,-3.26,-3.21
96.34,0.10,3.36,0.11,3.37,-3.44,-3.12,-3.20,-3.34,-3.32,-3.26
97.30,0.12,3.43,0.11,3.42,-3.44,-3.14,-3.23,-3.32,-3.33,-3.31
98.28,0.12,3.48,0.13,3.48,-3.44,-3.16,-3.27,-3.32,-3.31,-3.36
99.26,0.13,3.53,0.12,3.52,-3.44,-3.19,-3.31,-3.31,-3.32,-3.40
100.25,0.09,3.54,0.04,3.49,-3.45,-3.21,-3.36,-3.36,-3.41,-3.45
101.25,-0.07,3.43,-0.06,3.44,-3.46,-3.24,-3.40,-3.53,-3.52,-3.50
102.27,-0.19,3.36,-0.14,3.40,-3.47,-3.26,-3.45,-3.66,-3.61,-3.55
103.29,-0.18,3.42,-0.19,3.40,-3.47,-3.29,-3.49,-3.65,-3.66,-3.60
104.32,-0.18,3.46,-0.19,3.45,-3.46,-3.31,-3.54,-3.64,-3.65,-3.64
105.37,-0.19,3.50,-0.19,3.50,-3.44,-3.34,-3.59,-3.64,-3.63,-3.69
106.42,-0.21,3.53,-0.23,3.51,-3.44,-3.37,-3.63,-3.65,-3.67,-3.74
107.48,-0.30,3.50,-0.31,3.48,-3.45,-3.39,-3.68,-3.75,-3.76,-3.80
108.56,-0.42,3.43,-0.41,3.43,-3.46,-3.42,-3.73,-3.89,-3.88,-3.85
109.64,-0.52,3.38,-0.50,3.40,-3.47,-3.45,-3.77,-3.99,-3.97,-3.90
110.74,-0.54,3.42,-0.53,3.42,-3.47,-3.47,-3.82,-4.01,-4.00,-3.96
111.85,-0.53,3.47,-0.53,3.48,-3.46,-3.50,-3.86,-4.00,-3.99,-4.00
112.97,-0.50,3.56,-0.53,3.52,-3.46,-3.53,-3.90,-3.96,-3.99,-4.06
114.10,-0.56,3.55,-0.58,3.53,-3.47,-3.56,-3.94,-4.03,-4.05,-4.11
115.24,-0.67,3.49,-0.66,3.50,-3.49,-3.58,-3.98,-4.16,-4.15,-4.16
116.39,-0.75,3.46,-0.74,3.47,-3.51,-3.61,-4.01,-4.27,-4.25,-4.21
117.55,-0.79,3.46,-0.78,3.47,-3.54,-3.64,-4.05,-4.33,-4.31,-4.25
118.73,-0.76,3.53,-0.76,3.52,-3.55,-3.66,-4.07,-4.32,-4.32,-4.29
119.92,-0.74,3.58,-0.74,3.58,-3.57,-3.69,-4.10,-4.31,-4.31,-4.32
121.12,-0.70,3.66,-0.73,3.63,-3.59,-3.72,-4.12,-4.29,-4.31,-4.36
122.33,-0.74,3.65,-0.75,3.64,-3.60,-3.74,-4.14,-4.34,-4.35,-4.39
123.55,-0.79,3.63,-0.77,3.65,-3.62,-3.77,-4.15,-4.41,-4.39,-4.42
124.79,-0.81,3.64,-0.80,3.64,-3.64,-3.80,-4.16,-4.45,-4.44,-4.45
126.03,-0.80,3.68,-0.84,3.63,-3.65,-3.82,-4.17,-4.45,-4.49,-4.48
127.29,-0.88,3.62,-0.87,3.63,-3.67,-3.85,-4.17,-4.55,-4.54,-4.50
128.57,-0.92,3.62,-0.90,3.64,-3.68,-3.87,-4.17,-4.60,-4.58,-4.54
129.85,-0.89,3.68,-0.90,3.66,-3.69,-3.90,-4.16,-4.59,-4.60,-4.57
131.15,-0.88,3.72,-0.87,3.73,-3.71,-3.92,-4.15,-4.60,-4.59,-4.60
132.46,-0.85,3.78,-0.85,3.78,-3.74,-3.94,-4.14,-4.59,-4.59,-4.63
133.79,-0.83,3.83,-0.86,3.80,-3.76,-3.97,-4.12,-4.59,-4.62,-4.66
135.12,-0.89,3.80,-0.89,3.80,-3.79,-3.99,-4.10,-4.68,-4.67,-4.69
136.48,-0.94,3.77,-0.93,3.79,-3.80,-4.01,-4.08,-4.74,-4.73,-4.71
137.84,-0.96,3.79,-0.96,3.79,-3.82,-4.03,-4.06,-4.78,-4.77,-4.75
139.22,-0.96,3.82,-0.95,3.82,-3.82,-4.05,-4.03,-4.78,-4.77,-4.78
140.61,-0.95,3.86,-0.96,3.85,-3.82,-4.07,-4.00,-4.78,-4.78,-4.81
142.02,-0.95,3.88,-0.99,3.84,-3.83,-4.09,-3.98,-4.78,-4.82,-4.83
143.44,-1.05,3.81,-1.03,3.83,-3.84,-4.11,-3.94,-4.89,-4.87,-4.86
144.87,-1.09,3.81,-1.05,3.84,-3.86,-4.13,-3.91,-4.95,-4.91,-4.90
146.32,-1.04,3.90,-1.07,3.86,-3.87,-4.15,-3.88,-4.92,-4.94,-4.94
147.78,-1.05,3.92,-1.08,3.89,-3.89,-4.17,-3.85,-4.95,-4.97,-4.97
149.26,-1.12,3.90,-1.10,3.92,-3.91,-4.18,-3.82,-5.03,-5.02,-5.02
150.75,-1.15,3.93,-1.13,3.95,-3.94,-4.20,-3.79,-5.09,-5.07,-5.08
152.26,-1.15,4.00,-1.15,3.99,-3.99,-4.21,-3.76,-5.14,-5.14,-5.15
153.78,-1.15,4.07,-1.19,4.03,-4.04,-4.23,-3.73,-5.19,-5.22,-5.22
155.32,-1.23,4.06,-1.23,4.07,-4.09,-4.24,-3.71,-5.32,-5.32,-5.29
156.88,-1.29,4.08,-1.26,4.11,-4.15,-4.25,-3.68,-5.44,-5.41,-5.37
158.44,-1.26,4.19,-1.26,4.19,-4.20,-4.26,-3.66,-5.46,-5.46,-5.45
160.03,-1.24,4.29,-1.25,4.28,-4.26,-4.27,-3.63,-5.50,-5.50,-5.53
161.63,-1.22,4.38,-1.25,4.34,-4.30,-4.28,-3.61,-5.53,-5.56,-5.60
163.24,-1.30,4.36,-1.29,4.37,-4.34,-4.29,-3.60,-5.64,-5.63,-5.66
164.88,-1.36,4.35,-1.33,4.38,-4.36,-4.30,-3.58,-5.72,-5.70,-5.71
166.53,-1.37,4.39,-1.38,4.38,-4.37,-4.30,-3.57,-5.74,-5.75,-5.76
168.19,-1.40,4.40,-1.42,4.38,-4.37,-4.31,-3.56,-5.77,-5.79,-5.80
169.87,-1.47,4.37,-1.47,4.36,-4.35,-4.32,-3.55,-5.82,-5.82,-5.84
171.57,-1.54,4.32,-1.53,4.32,-4.33,-4.32,-3.54,-5.88,-5.87,-5.86
173.29,-1.58,4.29,-1.58,4.29,-4.32,-4.32,-3.54,-5.90,-5.90,-5.87
175.02,-1.60,4.28,-1.60,4.28,-4.31,-4.32,-3.54,-5.91,-5.91,-5.88
176.77,-1.60,4.29,-1.61,4.28,-4.30,-4.33,-3.54,-5.90,-5.90,-5.89
178.54,-1.60,4.30,-1.61,4.28,-4.29,-4.33,-3.55,-5.89,-5.89,-5.90
180.32,-1.60,4.29,-1.60,4.29,-4.28,-4.33,-3.56,-5.88,-5.88,-5.89
182.13,-1.59,4.29,-1.58,4.31,-4.28,-4.32,-3.57,-5.87,-5.86,-5.88
183.95,-1.56,4.33,-1.58,4.31,-4.29,-4.32,-3.58,-5.85,-5.87,-5.89
185.79,-1.57,4.32,-1.59,4.30,-4.30,-4.32,-3.60,-5.87,-5.89,-5.89
187.65,-1.64,4.27,-1.62,4.29,-4.30,-4.31,-3.61,-5.95,-5.92,-5.91
189.52,-1.64,4.28,-1.64,4.28,-4.31,-4.31,-3.63,-5.95,-5.95,-5.92
191.42,-1.63,4.31,-1.63,4.30,-4.32,-4.30,-3.66,-5.95,-5.96,-5.94
193.33,-1.61,4.35,-1.61,4.35,-4.33,-4.29,-3.68,-5.94,-5.94,-5.96
195.27,-1.60,4.38,-1.61,4.37,-4.35,-4.29,-3.71,-5.95,-5.96,-5.98
197.22,-1.61,4.39,-1.63,4.37,-4.36,-4.28,-3.74,-5.97,-5.99,-6.00
199.19,-1.66,4.36,-1.65,4.37,-4.37,-4.27,-3.77,-6.04,-6.03,-6.02
201.18,-1.68,4.36,-1.66,4.38,-4.38,-4.26,-3.80,-6.06,-6.04,-6.04
203.19,-1.66,4.40,-1.66,4.39,-4.39,-4.25,-3.84,-6.05,-6.05,-6.06
205.23,-1.64,4.44,-1.67,4.40,-4.39,-4.23,-3.88,-6.03,-6.06,-6.08
207.28,-1.70,4.39,-1.70,4.40,-4.39,-4.22,-3.91,-6.09,-6.09,-6.09
209.35,-1.75,4.36,-1.73,4.38,-4.39,-4.21,-3.95,-6.14,-6.12,-6.11
211.44,-1.76,4.38,-1.76,4.37,-4.39,-4.19,-3.99,-6.15,-6.15,-6.14
213.56,-1.77,4.38,-1.77,4.38,-4.38,-4.18,-4.02,-6.15,-6.15,-6.15
215.69,-1.77,4.39,-1.77,4.39,-4.37,-4.16,-4.06,-6.15,-6.14,-6.16
217.85,-1.77,4.40,-1.79,4.38,-4.37,-4.15,-4.10,-6.14,-6.16,-6.17
220.03,-1.82,4.36,-1.82,4.36,-4.36,-4.13,-4.14,-6.18,-6.18,-6.18
222.23,-1.87,4.34,-1.86,4.34,-4.36,-4.11,-4.17,-6.23,-6.21,-6.21
224.45,-1.88,4.32,-1.88,4.32,-4.35,-4.09,-4.20,-6.23,-6.23,-6.20
226.70,-1.88,4.32,-1.88,4.31,-4.33,-4.07,-4.23,-6.21,-6.21,-6.20
228.96,-1.88,4.31,-1.87,4.32,-4.30,-4.05,-4.26,-6.18,-6.17,-6.19
231.25,-1.87,4.31,-1.89,4.29,-4.26,-4.03,-4.29,-6.13,-6.14,-6.18
233.57,-1.89,4.28,-1.93,4.24,-4.21,-4.01,-4.31,-6.10,-6.13,-6.17
235.90,-2.03,4.13,-1.98,4.17,-4.14,-3.99,-4.33,-6.17,-6.13,-6.16
238.26,-2.05,4.10,-2.05,4.09,-4.08,-3.97,-4.35,-6.13,-6.13,-6.15
240.64,-2.10,4.02,-2.13,3.99,-4.01,-3.95,-4.36,-6.11,-6.13,-6.12
243.05,-2.18,3.91,-2.18,3.91,-3.93,-3.93,-4.36,-6.11,-6.11,-6.09
245.48,-2.25,3.82,-2.23,3.83,-3.87,-3.90,-4.37,-6.12,-6.10,-6.07
247.93,-2.26,3.78,-2.26,3.78,-3.81,-3.88,-4.37,-6.08,-6.07,-6.04
250.41,-2.24,3.78,-2.25,3.77,-3.78,-3.86,-4.36,-6.02,-6.03,-6.02
252.92,-2.22,3.77,-2.23,3.76,-3.76,-3.83,-4.35,-5.98,-5.99,-5.99
255.45,-2.21,3.76,-2.22,3.75,-3.75,-3.81,-4.33,-5.96,-5.97,-5.97
258.00,-2.20,3.75,-2.21,3.74,-3.75,-3.79,-4.31,-5.95,-5.96,-5.95
260.58,-2.20,3.73,-2.16,3.76,-3.76,-3.76,-4.29,-5.96,-5.92,-5.93
263.19,-2.12,3.78,-2.12,3.78,-3.76,-3.74,-4.26,-5.88,-5.88,-5.90
265.82,-2.03,3.85,-2.09,3.79,-3.77,-3.71,-4.22,-5.80,-5.86,-5.88
268.48,-2.09,3.77,-2.07,3.78,-3.77,-3.69,-4.18,-5.86,-5.84,-5.86
271.16,-2.10,3.73,-2.07,3.76,-3.77,-3.66,-4.14,-5.87,-5.84,-5.83
273.87,-2.06,3.75,-2.07,3.74,-3.76,-3.64,-4.10,-5.82,-5.83,-5.81
276.61,-2.02,3.76,-2.03,3.74,-3.75,-3.62,-4.05,-5.77,-5.79,-5.78
279.38,-2.01,3.74,-2.00,3.75,-3.73,-3.59,-4.00,-5.74,-5.74,-5.75
282.17,-2.00,3.73,-2.00,3.72,-3.71,-3.57,-3.95,-5.71,-5.71,-5.73
284.99,-2.00,3.69,-2.02,3.67,-3.67,-3.54,-3.90,-5.67,-5.69,-5.69
287.84,-2.05,3.62,-2.05,3.62,-3.62,-3.52,-3.84,-5.67,-5.67,-5.67
290.72,-2.10,3.54,-2.05,3.58,-3.56,-3.49,-3.79,-5.67,-5.62,-5.64
293.63,-2.06,3.55,-2.09,3.52,-3.50,-3.47,-3.73,-5.56,-5.58,-5.61
296.57,-2.08,3.50,-2.15,3.43,-3.42,-3.44,-3.67,-5.50,-5.57,-5.58
299.53,-2.27,3.28,-2.22,3.33,-3.34,-3.42,-3.62,-5.61,-5.55,-5.55
302.53,-2.33,3.20,-2.30,3.22,-3.25,-3.39,-3.56,-5.58,-5.55,-5.53
305.55,-2.31,3.18,-2.35,3.14,-3.17,-3.37,-3.50,-5.48,-5.52,-5.49
308.61,-2.38,3.09,-2.37,3.09,-3.08,-3.35,-3.44,-5.47,-5.46,-5.47
311.69,-2.42,3.02,-2.42,3.02,-3.01,-3.32,-3.39,-5.43,-5.43,-5.44
314.81,-2.48,2.94,-2.49,2.93,-2.93,-3.30,-3.33,-5.41,-5.43,-5.42
317.96,-2.55,2.85,-2.54,2.86,-2.86,-3.28,-3.28,-5.42,-5.40,-5.40
321.14,-2.59,2.80,-2.57,2.81,-2.80,-3.25,-3.23,-5.40,-5.38,-5.39
324.35,-2.58,2.79,-2.61,2.76,-2.75,-3.23,-3.18,-5.33,-5.36,-5.37
327.59,-2.63,2.73,-2.64,2.72,-2.71,-3.21,-3.13,-5.34,-5.35,-5.36
330.87,-2.69,2.66,-2.68,2.67,-2.67,-3.18,-3.08,-5.36,-5.35,-5.35
334.18,-2.71,2.62,-2.71,2.62,-2.65,-3.16,-3.04,-5.36,-5.36,-5.33
337.52,-2.71,2.61,-2.70,2.61,-2.64,-3.14,-2.99,-5.35,-5.34,-5.32
340.90,-2.68,2.63,-2.67,2.63,-2.64,-3.12,-2.95,-5.32,-5.31,-5.31
344.30,-2.62,2.68,-2.64,2.66,-2.65,-3.10,-2.91,-5.27,-5.30,-5.30
347.75,-2.61,2.69,-2.62,2.68,-2.67,-3.08,-2.88,-5.28,-5.29,-5.30
351.23,-2.61,2.68,-2.59,2.70,-2.70,-3.06,-2.84,-5.31,-5.29,-5.29
354.74,-2.57,2.73,-2.56,2.73,-2.72,-3.04,-2.81,-5.30,-5.29,-5.30
358.28,-2.51,2.78,-2.53,2.76,-2.75,-3.02,-2.77,-5.26,-5.28,-5.29
361.87,-2.50,2.79,-2.50,2.79,-2.77,-3.00,-2.75,-5.27,-5.27,-5.29
365.49,-2.49,2.79,-2.49,2.80,-2.79,-2.98,-2.72,-5.28,-5.28,-5.28
369.14,-2.48,2.81,-2.48,2.80,-2.80,-2.97,-2.69,-5.28,-5.29,-5.29
372.83,-2.48,2.81,-2.48,2.81,-2.82,-2.95,-2.67,-5.30,-5.29,-5.29
376.56,-2.47,2.83,-2.47,2.82,-2.82,-2.93,-2.65,-5.30,-5.29,-5.30
380.33,-2.46,2.83,-2.46,2.83,-2.83,-2.92,-2.63,-5.29,-5.29,-5.29
384.13,-2.45,2.84,-2.46,2.84,-2.84,-2.90,-2.61,-5.29,-5.29,-5.29
387.97,-2.45,2.85,-2.45,2.84,-2.84,-2.88,-2.60,-5.30,-5.29,-5.30
391.85,-2.45,2.86,-2.45,2.85,-2.85,-2.87,-2.58,-5.30,-5.29,-5.31
395.77,-2.44,2.86,-2.45,2.86,-2.85,-2.85,-2.57,-5.29,-5.30,-5.30
399.73,-2.44,2.87,-2.45,2.86,-2.86,-2.84,-2.56,-5.30,-5.30,-5.31
403.72,-2.45,2.86,-2.45,2.87,-2.86,-2.83,-2.56,-5.32,-5.31,-5.31
407.76,-2.45,2.88,-2.46,2.87,-2.88,-2.81,-2.55,-5.33,-5.33,-5.33
411.84,-2.45,2.88,-2.46,2.87,-2.89,-2.80,-2.54,-5.34,-5.35,-5.33
415.96,-2.46,2.87,-2.44,2.89,-2.90,-2.79,-2.54,-5.36,-5.34,-5.33
420.12,-2.41,2.92,-2.41,2.92,-2.92,-2.78,-2.54,-5.33,-5.33,-5.33
424.32,-2.36,2.97,-2.38,2.95,-2.94,-2.77,-2.54,-5.30,-5.32,-5.33
428.56,-2.34,2.98,-2.34,2.98,-2.96,-2.76,-2.54,-5.30,-5.31,-5.32
432.85,-2.33,2.98,-2.32,2.99,-2.98,-2.75,-2.54,-5.31,-5.30,-5.31
437.18,-2.30,3.00,-2.30,2.99,-3.00,-2.74,-2.54,-5.30,-5.30,-5.30
441.55,-2.26,3.00,-2.26,3.00,-3.01,-2.73,-2.55,-5.27,-5.27,-5.26
445.96,-2.22,3.01,-2.21,3.02,-3.01,-2.73,-2.55,-5.23,-5.22,-5.23
450.42,-2.16,3.04,-2.18,3.01,-3.01,-2.72,-2.55,-5.17,-5.19,-5.20
454.93,-2.14,3.01,-2.15,3.00,-3.00,-2.71,-2.56,-5.14,-5.15,-5.15
459.48,-2.14,2.97,-2.12,2.99,-2.99,-2.71,-2.57,-5.13,-5.11,-5.11
464.07,-2.08,2.98,-2.08,2.97,-2.98,-2.70,-2.57,-5.06,-5.06,-5.06
468.71,-2.03,2.97,-2.05,2.95,-2.96,-2.70,-2.58,-4.99,-5.01,-5.00
473.40,-2.02,2.94,-2.02,2.93,-2.93,-2.69,-2.59,-4.95,-4.95,-4.96
478.13,-2.00,2.90,-1.99,2.91,-2.90,-2.69,-2.60,-4.90,-4.89,-4.90
482.91,-1.97,2.89,-1.97,2.88,-2.87,-2.69,-2.60,-4.85,-4.85,-4.86
487.74,-1.94,2.88,-1.96,2.85,-2.85,-2.69,-2.61,-4.79,-4.81,-4.82
492.62,-1.97,2.80,-1.96,2.82,-2.83,-2.69,-2.62,-4.80,-4.78,-4.77
497.55,-1.96,2.79,-1.95,2.79,-2.81,-2.68,-2.63,-4.77,-4.76,-4.75
502.52,-1.94,2.78,-1.94,2.78,-2.79,-2.68,-2.64,-4.74,-4.74,-4.72
507.55,-1.92,2.79,-1.92,2.78,-2.78,-2.69,-2.64,-4.71,-4.71,-4.71
512.62,-1.90,2.80,-1.91,2.79,-2.78,-2.69,-2.65,-4.68,-4.69,-4.70
517.75,-1.90,2.79,-1.90,2.79,-2.79,-2.69,-2.66,-4.69,-4.69,-4.69
522.93,-1.90,2.80,-1.90,2.80,-2.80,-2.69,-2.67,-4.70,-4.70,-4.70
528.16,-1.91,2.82,-1.91,2.81,-2.82,-2.70,-2.68,-4.73,-4.73,-4.73
533.44,-1.92,2.84,-1.93,2.82,-2.84,-2.70,-2.69,-4.76,-4.77,-4.76
538.77,-1.95,2.84,-1.95,2.84,-2.85,-2.71,-2.70,-4.80,-4.80,-4.79
544.16,-1.99,2.85,-1.96,2.88,-2.86,-2.71,-2.71,-4.85,-4.82,-4.84
549.60,-1.96,2.93,-1.99,2.90,-2.87,-2.72,-2.72,-4.83,-4.86,-4.89
555.10,-2.02,2.93,-2.04,2.90,-2.88,-2.72,-2.73,-4.90,-4.92,-4.95
560.65,-2.13,2.87,-2.11,2.89,-2.88,-2.73,-2.74,-5.01,-4.99,-5.00
566.25,-2.19,2.86,-2.19,2.87,-2.89,-2.74,-2.76,-5.08,-5.07,-5.05
571.92,-2.23,2.88,-2.24,2.87,-2.89,-2.75,-2.77,-5.12,-5.13,-5.11
577.64,-2.27,2.90,-2.27,2.89,-2.90,-2.76,-2.78,-5.17,-5.17,-5.17
583.41,-2.29,2.92,-2.29,2.91,-2.91,-2.77,-2.80,-5.21,-5.21,-5.21
589.25,-2.31,2.93,-2.32,2.92,-2.93,-2.78,-2.82,-5.24,-5.25,-5.24
595.14,-2.32,2.94,-2.32,2.94,-2.96,-2.80,-2.84,-5.28,-5.27,-5.26
601.09,-2.32,2.95,-2.29,2.97,-2.98,-2.81,-2.86,-5.30,-5.27,-5.27
607.10,-2.23,3.04,-2.25,3.01,-3.00,-2.82,-2.88,-5.23,-5.25,-5.27
613.17,-2.20,3.05,-2.21,3.04,-3.01,-2.84,-2.91,-5.21,-5.22,-5.25
619.30,-2.18,3.04,-2.17,3.04,-3.02,-2.85,-2.93,-5.20,-5.19,-5.22
625.50,-2.15,3.03,-2.15,3.03,-3.01,-2.87,-2.96,-5.17,-5.17,-5.18
631.75,-2.12,3.01,-2.12,3.01,-3.01,-2.89,-2.99,-5.13,-5.13,-5.13
638.07,-2.08,3.00,-2.09,2.99,-2.99,-2.90,-3.03,-5.07,-5.08,-5.08
644.45,-2.05,2.98,-2.05,2.98,-2.98,-2.92,-3.06,-5.03,-5.03,-5.03
650.89,-2.01,2.96,-2.01,2.96,-2.97,-2.94,-3.10,-4.98,-4.98,-4.97
657.40,-1.96,2.96,-1.97,2.95,-2.97,-2.96,-3.14,-4.93,-4.94,-4.92
663.98,-1.91,2.95,-1.92,2.95,-2.98,-2.98,-3.18,-4.89,-4.89,-4.86
670.62,-1.86,2.96,-1.84,2.97,-2.99,-3.00,-3.23,-4.85,-4.84,-4.82
677.32,-1.77,3.01,-1.77,3.01,-3.01,-3.03,-3.27,-4.78,-4.78,-4.78
684.10,-1.67,3.08,-1.69,3.05,-3.03,-3.05,-3.32,-4.70,-4.72,-4.75
690.94,-1.63,3.08,-1.63,3.08,-3.05,-3.07,-3.38,-4.69,-4.68,-4.71
697.85,-1.59,3.10,-1.59,3.10,-3.08,-3.10,-3.43,-4.67,-4.67,-4.69
704.83,-1.57,3.11,-1.58,3.09,-3.11,-3.13,-3.49,-4.68,-4.69,-4.68
711.87,-1.57,3.11,-1.57,3.11,-3.12,-3.15,-3.55,-4.70,-4.69,-4.68
718.99,-1.58,3.11,-1.55,3.14,-3.14,-3.18,-3.61,-4.72,-4.69,-4.69
726.18,-1.51,3.20,-1.53,3.17,-3.16,-3.21,-3.68,-4.67,-4.69,-4.71
733.44,-1.51,3.22,-1.52,3.20,-3.18,-3.24,-3.75,-4.69,-4.71,-4.73
740.78,-1.54,3.21,-1.55,3.20,-3.21,-3.27,-3.82,-4.76,-4.76,-4.75
748.19,-1.57,3.21,-1.57,3.21,-3.25,-3.30,-3.89,-4.82,-4.82,-4.78
755.67,-1.60,3.22,-1.55,3.27,-3.29,-3.33,-3.97,-4.89,-4.84,-4.82
763.23,-1.47,3.38,-1.51,3.33,-3.33,-3.37,-4.05,-4.81,-4.85,-4.85
770.86,-1.44,3.43,-1.46,3.40,-3.38,-3.40,-4.13,-4.82,-4.85,-4.87
778.57,-1.45,3.43,-1.42,3.46,-3.43,-3.44,-4.21,-4.89,-4.85,-4.88
786.35,-1.39,3.50,-1.41,3.49,-3.49,-3.47,-4.30,-4.88,-4.90,-4.89
794.22,-1.36,3.55,-1.38,3.52,-3.55,-3.51,-4.38,-4.91,-4.92,-4.91
802.16,-1.35,3.56,-1.32,3.59,-3.60,-3.55,-4.47,-4.95,-4.92,-4.91
810.18,-1.27,3.64,-1.26,3.65,-3.64,-3.59,-4.56,-4.91,-4.90,-4.91
818.28,-1.16,3.74,-1.20,3.70,-3.68,-3.63,-4.65,-4.84,-4.88,-4.90
826.46,-1.14,3.75,-1.16,3.73,-3.72,-3.67,-4.74,-4.86,-4.88,-4.89
834.73,-1.14,3.74,-1.11,3.76,-3.76,-3.71,-4.83,-4.90,-4.87,-4.88
843.08,-1.10,3.75,-1.07,3.78,-3.79,-3.76,-4.92,-4.89,-4.86,-4.85
851.51,-0.97,3.86,-1.01,3.81,-3.81,-3.80,-5.02,-4.79,-4.83,-4.83
860.02,-0.95,3.85,-0.96,3.85,-3.84,-3.85,-5.11,-4.79,-4.79,-4.80
868.62,-0.93,3.86,-0.91,3.87,-3.86,-3.90,-5.19,-4.79,-4.77,-4.79
877.31,-0.87,3.89,-0.87,3.88,-3.89,-3.95,-5.28,-4.76,-4.76,-4.76
886.08,-0.81,3.92,-0.83,3.91,-3.93,-4.00,-5.37,-4.74,-4.75,-4.73
894.94,-0.77,3.94,-0.78,3.93,-3.97,-4.05,-5.45,-4.74,-4.75,-4.71
903.89,-0.73,3.97,-0.71,3.98,-4.01,-4.10,-5.53,-4.74,-4.72,-4.70
912.93,-0.64,4.04,-0.63,4.04,-4.05,-4.15,-5.60,-4.69,-4.68,-4.68
922.06,-0.51,4.14,-0.54,4.11,-4.08,-4.21,-5.67,-4.59,-4.62,-4.65
931.28,-0.48,4.16,-0.45,4.18,-4.12,-4.26,-5.73,-4.60,-4.57,-4.64
940.59,-0.39,4.23,-0.40,4.22,-4.16,-4.32,-5.79,-4.56,-4.56,-4.62
950.00,-0.35,4.25,-0.40,4.20,-4.22,-4.38,-5.84,-4.57,-4.62,-4.60
959.50,-0.40,4.19,-0.38,4.20,-4.27,-4.44,-5.89,-4.67,-4.65,-4.59
969.09,-0.39,4.18,-0.33,4.25,-4.32,-4.50,-5.93,-4.71,-4.64,-4.57
978.78,-0.21,4.36,-0.22,4.35,-4.37,-4.56,-5.96,-4.58,-4.59,-4.57
988.57,-0.05,4.53,-0.10,4.47,-4.43,-4.63,-5.98,-4.48,-4.53,-4.58
998.46,-0.00,4.57,-0.01,4.56,-4.50,-4.70,-5.99,-4.50,-4.50,-4.57
1008.44,0.01,4.58,0.03,4.60,-4.57,-4.76,-6.00,-4.56,-4.54,-4.57
1018.53,0.08,4.65,0.06,4.63,-4.65,-4.83,-6.00,-4.57,-4.59,-4.57
1028.71,0.12,4.69,0.15,4.71,-4.74,-4.90,-5.99,-4.62,-4.59,-4.57
1039.00,0.23,4.79,0.25,4.81,-4.83,-4.98,-5.98,-4.60,-4.58,-4.56
1049.39,0.40,4.96,0.33,4.88,-4.91,-5.05,-5.95,-4.51,-4.58,-4.56
1059.88,0.42,4.97,0.43,4.98,-4.99,-5.13,-5.92,-4.57,-4.56,-4.55
1070.48,0.48,5.01,0.55,5.08,-5.07,-5.20,-5.89,-4.60,-4.52,-4.53
1081.19,0.71,5.22,0.69,5.19,-5.17,-5.28,-5.84,-4.46,-4.48,-4.51
1092.00,0.87,5.35,0.82,5.30,-5.26,-5.36,-5.80,-4.39,-4.44,-4.48
1102.92,0.93,5.38,0.90,5.35,-5.34,-5.45,-5.75,-4.42,-4.44,-4.45
1113.95,0.95,5.37,0.98,5.39,-5.42,-5.53,-5.69,-4.47,-4.44,-4.42
1125.09,1.02,5.39,1.11,5.47,-5.48,-5.61,-5.63,-4.46,-4.38,-4.37
1136.34,1.32,5.64,1.26,5.57,-5.55,-5.70,-5.57,-4.23,-4.29,-4.32
1147.70,1.46,5.71,1.39,5.65,-5.62,-5.79,-5.50,-4.16,-4.23,-4.25
1159.18,1.47,5.67,1.49,5.69,-5.70,-5.88,-5.44,-4.23,-4.20,-4.20
1170.77,1.53,5.67,1.58,5.71,-5.78,-5.97,-5.37,-4.25,-4.20,-4.14
1182.48,1.72,5.79,1.73,5.80,-5.86,-6.06,-5.30,-4.14,-4.13,-4.07
1194.30,1.96,5.97,1.94,5.95,-5.94,-6.16,-5.24,-3.99,-4.01,-4.01
1206.25,2.15,6.11,2.12,6.07,-6.02,-6.25,-5.17,-3.87,-3.89,-3.96
1218.31,2.27,6.16,2.26,6.16,-6.09,-6.35,-5.10,-3.82,-3.83,-3.89
1230.49,2.36,6.19,2.37,6.20,-6.17,-6.45,-5.04,-3.81,-3.79,-3.83
1242.80,2.48,6.25,2.49,6.25,-6.25,-6.54,-4.98,-3.77,-3.76,-3.77
1255.22,2.62,6.32,2.61,6.31,-6.34,-6.64,-4.91,-3.72,-3.72,-3.70
1267.78,2.76,6.39,2.75,6.38,-6.42,-6.74,-4.86,-3.66,-3.67,-3.63
1280.45,2.90,6.46,2.91,6.47,-6.51,-6.84,-4.80,-3.61,-3.61,-3.56
1293.26,3.08,6.58,3.08,6.58,-6.61,-6.94,-4.75,-3.53,-3.52,-3.50
1306.19,3.28,6.72,3.29,6.72,-6.71,-7.03,-4.69,-3.44,-3.43,-3.44
1319.25,3.51,6.89,3.49,6.87,-6.83,-7.13,-4.65,-3.32,-3.34,-3.38
1332.45,3.70,7.02,3.69,7.01,-6.96,-7.22,-4.60,-3.26,-3.28,-3.32
1345.77,3.85,7.12,3.85,7.12,-7.10,-7.31,-4.56,-3.25,-3.25,-3.27
1359.23,4.01,7.23,4.01,7.22,-7.24,-7.40,-4.52,-3.23,-3.24,-3.22
1372.82,4.16,7.32,4.16,7.33,-7.39,-7.49,-4.49,-3.23,-3.22,-3.16
1386.55,4.37,7.48,4.37,7.48,-7.53,-7.57,-4.46,-3.16,-3.15,-3.11
1400.41,4.58,7.64,4.63,7.68,-7.68,-7.64,-4.43,-3.10,-3.05,-3.06
1414.42,4.90,7.91,4.85,7.85,-7.82,-7.71,-4.41,-2.92,-2.98,-3.01
1428.56,5.09,8.04,5.02,7.97,-7.96,-7.78,-4.39,-2.87,-2.94,-2.95
1442.85,5.11,8.00,5.20,8.09,-8.09,-7.83,-4.37,-2.98,-2.89,-2.89
1457.28,5.33,8.17,5.37,8.20,-8.20,-7.88,-4.36,-2.87,-2.83,-2.84
1471.85,5.61,8.39,5.54,8.32,-8.28,-7.92,-4.35,-2.68,-2.74,-2.78
1486.57,5.72,8.45,5.69,8.41,-8.35,-7.95,-4.35,-2.63,-2.66,-2.73
1501.43,5.75,8.41,5.76,8.41,-8.41,-7.96,-4.34,-2.66,-2.65,-2.66
1516.45,5.78,8.36,5.81,8.39,-8.45,-7.97,-4.35,-2.67,-2.64,-2.58
1531.61,5.88,8.38,5.91,8.40,-8.49,-7.96,-4.35,-2.61,-2.58,-2.50
1546.93,6.08,8.49,6.04,8.45,-8.50,-7.94,-4.36,-2.42,-2.46,-2.41
1562.40,6.17,8.49,6.17,8.50,-8.49,-7.91,-4.37,-2.33,-2.32,-2.32
1578.02,6.26,8.50,6.26,8.49,-8.46,-7.86,-4.38,-2.20,-2.21,-2.24
1593.80,6.30,8.46,6.29,8.44,-8.40,-7.80,-4.39,-2.10,-2.11,-2.16
1609.74,6.27,8.34,6.30,8.37,-8.31,-7.72,-4.41,-2.04,-2.01,-2.07
1625.84,6.27,8.24,6.24,8.21,-8.18,-7.63,-4.43,-1.91,-1.94,-1.97
1642.10,6.16,8.04,6.13,8.00,-7.99,-7.52,-4.45,-1.83,-1.86,-1.88
1658.52,5.95,7.73,5.97,7.75,-7.73,-7.40,-4.47,-1.78,-1.76,-1.78
1675.10,5.78,7.47,5.81,7.50,-7.43,-7.27,-4.49,-1.65,-1.62,-1.69
1691.85,5.62,7.22,5.62,7.21,-7.12,-7.12,-4.51,-1.50,-1.51,-1.60
1708.77,5.47,6.97,5.39,6.89,-6.84,-6.96,-4.53,-1.37,-1.45,-1.50
1725.86,5.11,6.51,5.13,6.53,-6.59,-6.79,-4.55,-1.49,-1.47,-1.40
1743.12,4.85,6.15,4.86,6.15,-6.39,-6.61,-4.56,-1.54,-1.53,-1.30
1760.55,4.70,5.90,4.72,5.92,-6.21,-6.42,-4.58,-1.52,-1.50,-1.20
1778.15,4.70,5.80,4.81,5.92,-6.05,-6.22,-4.59,-1.36,-1.24,-1.10
1795.94,5.01,6.03,5.00,6.01,-5.92,-6.02,-4.60,-0.91,-0.92,-1.02
1813.90,5.25,6.17,5.10,6.02,-5.79,-5.80,-4.61,-0.55,-0.69,-0.92
1832.03,5.08,5.91,5.04,5.86,-5.67,-5.58,-4.60,-0.59,-0.63,-0.83
1850.36,4.74,5.47,4.82,5.55,-5.51,-5.36,-4.60,-0.77,-0.69,-0.73
1868.86,4.52,5.16,4.58,5.22,-5.29,-5.13,-4.59,-0.77,-0.71,-0.64
1887.55,4.45,5.00,4.42,4.96,-5.00,-4.90,-4.57,-0.55,-0.58,-0.55
1906.42,4.27,4.73,4.26,4.71,-4.64,-4.67,-4.54,-0.37,-0.38,-0.46
1925.49,4.04,4.39,4.00,4.35,-4.24,-4.43,-4.51,-0.21,-0.25,-0.35
1944.74,3.66,3.91,3.63,3.87,-3.84,-4.20,-4.46,-0.18,-0.21,-0.25
1964.19,3.19,3.32,3.24,3.37,-3.43,-3.96,-4.41,-0.25,-0.19,-0.13
1983.83,2.87,2.90,2.91,2.93,-3.04,-3.72,-4.35,-0.17,-0.13,-0.03
2003.67,2.68,2.58,2.68,2.58,-2.66,-3.49,-4.28,0.02,0.02,0.10
2023.71,2.53,2.33,2.49,2.28,-2.28,-3.25,-4.20,0.24,0.20,0.20
2043.94,2.29,1.97,2.26,1.94,-1.94,-3.01,-4.11,0.35,0.32,0.32
2064.38,2.02,1.59,2.03,1.60,-1.62,-2.78,-4.01,0.40,0.41,0.43
2085.03,1.77,1.23,1.84,1.30,-1.32,-2.55,-3.91,0.45,0.53,0.54
2105.88,1.73,1.08,1.72,1.06,-1.02,-2.32,-3.79,0.71,0.70,0.65
2126.94,1.63,0.87,1.57,0.81,-0.72,-2.09,-3.67,0.91,0.85,0.76
2148.20,1.43,0.56,1.39,0.52,-0.43,-1.87,-3.53,1.00,0.96,0.87
2169.69,1.11,0.13,1.18,0.20,-0.17,-1.64,-3.39,0.93,1.01,0.98
2191.38,0.97,-0.11,0.98,-0.10,0.04,-1.42,-3.24,1.00,1.02,1.08
2213.30,0.90,-0.27,0.82,-0.36,0.21,-1.21,-3.09,1.10,1.03,1.17
2235.43,0.73,-0.54,0.76,-0.51,0.35,-0.99,-2.93,1.07,1.11,1.27
2257.78,0.71,-0.65,0.81,-0.55,0.46,-0.78,-2.76,1.17,1.27,1.36
2280.36,0.92,-0.51,0.90,-0.54,0.55,-0.57,-2.59,1.47,1.45,1.43
2303.17,1.11,-0.40,0.99,-0.52,0.63,-0.37,-2.42,1.74,1.62,1.51
2326.20,0.99,-0.59,1.02,-0.56,0.71,-0.17,-2.24,1.69,1.73,1.58
2349.46,0.90,-0.75,0.94,-0.71,0.80,0.03,-2.05,1.70,1.74,1.65
2372.95,0.84,-0.85,0.79,-0.91,0.94,0.23,-1.86,1.78,1.73,1.69
2396.68,0.65,-1.09,0.66,-1.08,1.12,0.42,-1.67,1.77,1.78,1.74
2420.65,0.50,-1.29,0.53,-1.26,1.31,0.60,-1.48,1.80,1.84,1.79
2444.86,0.41,-1.44,0.38,-1.47,1.47,0.79,-1.29,1.88,1.86,1.85
2469.31,0.29,-1.63,0.24,-1.69,1.61,0.97,-1.09,1.90,1.85,1.92
2494.00,0.12,-1.90,0.14,-1.88,1.70,1.14,-0.89,1.82,1.85,2.02
2518.94,0.09,-2.03,0.17,-1.95,1.75,1.32,-0.69,1.84,1.92,2.12
2544.13,0.33,-1.89,0.34,-1.89,1.78,1.49,-0.49,2.11,2.12,2.22
2569.57,0.66,-1.68,0.65,-1.70,1.78,1.65,-0.29,2.44,2.43,2.34
2595.27,0.93,-1.55,0.87,-1.61,1.77,1.81,-0.09,2.70,2.64,2.48
2621.22,1.09,-1.53,0.98,-1.64,1.76,1.97,0.12,2.85,2.74,2.62
2647.43,0.88,-1.88,1.05,-1.72,1.76,2.13,0.32,2.64,2.81,2.76
2673.90,1.08,-1.83,1.09,-1.82,1.80,2.28,0.53,2.88,2.89,2.91
2700.64,1.24,-1.81,1.13,-1.93,1.88,2.42,0.74,3.12,3.01,3.05
2727.65,1.17,-2.03,1.18,-2.02,2.03,2.56,0.95,3.20,3.20,3.20
2754.93,1.10,-2.24,1.16,-2.18,2.22,2.70,1.16,3.32,3.38,3.34
2782.48,1.11,-2.38,1.12,-2.37,2.43,2.83,1.37,3.54,3.55,3.49
2810.30,1.16,-2.48,1.08,-2.56,2.64,2.96,1.58,3.80,3.72,3.64
2838.40,0.99,-2.80,1.01,-2.78,2.84,3.09,1.79,3.83,3.85,3.79
2866.79,0.88,-3.06,0.89,-3.05,3.02,3.21,2.01,3.89,3.91,3.94
2895.46,0.84,-3.26,0.79,-3.31,3.16,3.33,2.22,4.00,3.95,4.10
2924.41,0.76,-3.51,0.83,-3.44,3.26,3.44,2.44,4.02,4.09,4.27
2953.65,0.95,-3.49,0.99,-3.45,3.33,3.54,2.66,4.27,4.32,4.44
2983.19,1.29,-3.33,1.24,-3.38,3.36,3.65,2.88,4.65,4.60,4.62
3013.02,1.55,-3.25,1.52,-3.28,3.37,3.74,3.10,4.92,4.89,4.80
3043.15,1.75,-3.24,1.72,-3.26,3.36,3.84,3.32,5.11,5.08,4.99
3073.58,1.88,-3.29,1.91,-3.26,3.34,3.92,3.55,5.22,5.25,5.17
3104.32,2.01,-3.35,2.08,-3.29,3.34,4.00,3.77,5.35,5.41,5.36
3135.36,2.29,-3.25,2.14,-3.40,3.38,4.08,4.00,5.67,5.52,5.54
3166.72,2.21,-3.50,2.21,-3.49,3.47,4.15,4.23,5.67,5.68,5.71
3198.38,2.12,-3.72,2.32,-3.52,3.59,4.21,4.46,5.70,5.91,5.84
3230.37,2.43,-3.54,2.33,-3.64,3.72,4.27,4.68,6.15,6.05,5.97
3262.67,2.48,-3.60,2.27,-3.81,3.85,4.32,4.92,6.33,6.12,6.08
3295.30,2.07,-4.11,2.21,-3.97,3.97,4.36,5.15,6.04,6.18,6.18
3328.25,1.95,-4.31,2.12,-4.15,4.06,4.40,5.38,6.01,6.17,6.26
3361.53,2.24,-4.08,2.07,-4.25,4.11,4.42,5.61,6.35,6.19,6.32
3395.15,2.19,-4.18,2.15,-4.23,4.13,4.45,5.84,6.32,6.28,6.37
3429.10,2.10,-4.30,2.21,-4.19,4.12,4.46,6.06,6.22,6.33,6.40
3463.39,2.26,-4.15,2.26,-4.16,4.09,4.47,6.29,6.35,6.34,6.41
3498.03,2.39,-4.02,2.36,-4.06,4.07,4.47,6.51,6.46,6.43,6.41
3533.01,2.43,-3.97,2.41,-3.98,4.08,4.46,6.73,6.51,6.49,6.40
3568.34,2.37,-3.98,2.37,-3.98,4.13,4.44,6.94,6.49,6.49,6.35
3604.02,2.17,-4.09,2.24,-4.03,4.23,4.42,7.15,6.40,6.47,6.26
3640.06,1.97,-4.19,1.90,-4.27,4.41,4.39,7.35,6.37,6.31,6.16
3676.46,1.51,-4.54,1.37,-4.68,4.66,4.36,7.55,6.17,6.03,6.05
3713.22,0.58,-5.33,0.71,-5.21,4.94,4.33,7.73,5.52,5.65,5.91
3750.36,-0.03,-5.80,-0.03,-5.80,5.21,4.29,7.91,5.18,5.18,5.77
3787.86,-0.59,-6.19,-0.65,-6.25,5.42,4.25,8.08,4.83,4.77,5.60
3825.74,-1.06,-6.47,-0.96,-6.37,5.57,4.22,8.23,4.51,4.62,5.41
3864.00,-1.15,-6.36,-1.05,-6.26,5.66,4.20,8.37,4.51,4.61,5.21
3902.64,-0.84,-5.84,-0.97,-5.98,5.69,4.18,8.50,4.85,4.71,5.00
3941.66,-0.80,-5.60,-0.83,-5.63,5.68,4.19,8.62,4.88,4.85,4.80
3981.08,-0.82,-5.41,-0.75,-5.34,5.64,4.21,8.72,4.82,4.89,4.59
4020.89,-0.82,-5.20,-0.88,-5.26,5.55,4.27,8.81,4.73,4.67,4.38
4061.10,-1.01,-5.18,-1.13,-5.30,5.40,4.36,8.88,4.39,4.27,4.17
4101.71,-1.49,-5.46,-1.40,-5.38,5.22,4.49,8.94,3.73,3.82,3.97
4142.73,-1.71,-5.51,-1.61,-5.41,5.05,4.67,8.99,3.33,3.43,3.80
4184.15,-1.63,-5.25,-1.62,-5.25,4.92,4.90,9.03,3.28,3.29,3.62
4226.00,-1.50,-4.95,-1.48,-4.94,4.86,5.18,9.05,3.35,3.37,3.45
4268.26,-1.35,-4.63,-1.42,-4.69,4.86,5.52,9.06,3.51,3.44,3.28
4310.94,-1.56,-4.64,-1.62,-4.71,4.96,5.90,9.06,3.40,3.34,3.08
4354.05,-2.05,-4.93,-2.05,-4.94,5.22,6.34,9.06,3.17,3.16,2.88
4397.59,-2.82,-5.50,-2.70,-5.38,5.65,6.81,9.04,2.82,2.95,2.68
4441.56,-3.51,-5.98,-3.61,-6.08,6.26,7.33,9.02,2.75,2.66,2.47
4485.98,-4.56,-6.82,-4.68,-6.94,7.10,7.87,9.00,2.53,2.41,2.26
4530.84,-6.09,-8.14,-5.93,-7.98,8.07,8.44,8.97,1.97,2.14,2.05
4576.15,-7.23,-9.06,-7.33,-9.17,9.09,9.03,8.93,1.86,1.76,1.83
4621.91,-8.65,-10.28,-8.58,-10.21,10.09,9.63,8.90,1.43,1.50,1.63
4668.13,-9.89,-11.29,-9.79,-11.19,11.01,10.23,8.86,1.12,1.23,1.40
4714.81,-10.74,-11.89,-10.93,-12.09,11.84,10.84,8.83,1.10,0.91,1.15
4761.96,-12.22,-13.10,-12.05,-12.93,12.57,11.44,8.80,0.35,0.52,0.88
4809.58,-13.12,-13.70,-13.28,-13.87,13.16,12.03,8.76,0.04,-0.13,0.58
4857.67,-14.56,-14.84,-14.69,-14.97,13.58,12.59,8.73,-0.98,-1.11,0.28
4906.25,-15.85,-15.81,-15.79,-15.75,13.84,13.12,8.71,-2.01,-1.95,-0.04
4955.31,-16.78,-16.41,-16.37,-16.01,13.98,13.62,8.69,-2.81,-2.40,-0.37
5004.87,-16.38,-15.70,-16.42,-15.74,14.03,14.07,8.67,-2.35,-2.39,-0.68
5054.91,-15.75,-14.76,-16.10,-15.11,14.03,14.45,8.66,-1.72,-2.07,-0.99
5105.46,-15.84,-14.55,-15.61,-14.33,14.04,14.78,8.65,-1.81,-1.58,-1.29
5156.52,-15.51,-13.93,-15.41,-13.83,14.08,15.04,8.65,-1.43,-1.33,-1.58
5208.08,-15.32,-13.45,-15.64,-13.77,14.14,15.22,8.65,-1.18,-1.50,-1.87
5260.16,-16.07,-13.92,-16.22,-14.08,14.25,15.33,8.66,-1.82,-1.97,-2.15
5312.77,-17.35,-14.93,-17.08,-14.67,14.40,15.38,8.68,-2.95,-2.68,-2.42
5365.89,-18.15,-15.49,-17.89,-15.23,14.58,15.37,8.70,-3.57,-3.31,-2.66
5419.55,-18.55,-15.66,-18.72,-15.84,14.78,15.31,8.74,-3.77,-3.94,-2.89
5473.75,-19.30,-16.23,-19.62,-16.56,14.97,15.21,8.78,-4.33,-4.65,-3.07
5528.49,-21.04,-17.82,-20.88,-17.67,15.11,15.07,8.82,-5.94,-5.78,-3.22
5583.77,-22.16,-18.81,-22.34,-19.01,15.14,14.91,8.88,-7.02,-7.20,-3.35
5639.61,-23.33,-19.90,-23.07,-19.64,15.08,14.74,8.94,-8.25,-7.98,-3.43
5696.00,-23.29,-19.78,-22.61,-19.11,14.95,14.56,9.01,-8.34,-7.66,-3.51
5752.96,-21.21,-17.65,-21.47,-17.92,14.75,14.37,9.09,-6.46,-6.72,-3.56
5810.49,-19.57,-15.96,-20.03,-16.44,14.50,14.18,9.17,-5.07,-5.53,-3.61
5868.60,-18.90,-15.26,-18.55,-14.93,14.28,13.99,9.27,-4.62,-4.26,-3.64
5927.28,-18.15,-14.48,-17.85,-14.20,14.04,13.80,9.37,-4.11,-3.81,-3.67
5986.56,-16.94,-13.25,-17.76,-14.09,13.73,13.63,9.49,-3.22,-4.03,-3.69
6046.42,-18.13,-14.40,-17.98,-14.28,13.35,13.45,9.61,-4.78,-4.63,-3.73
6106.89,-18.66,-14.88,-18.12,-14.39,12.91,13.29,9.74,-5.75,-5.21,-3.78
6167.96,-18.06,-14.24,-17.69,-13.92,12.42,13.13,9.88,-5.65,-5.27,-3.82
6229.64,-16.36,-12.49,-16.39,-12.59,11.90,12.99,10.03,-4.46,-4.49,-3.87
6291.93,-14.67,-10.75,-15.11,-11.29,11.40,12.85,10.19,-3.27,-3.71,-3.92
6354.85,-14.03,-10.06,-14.30,-10.45,10.96,12.71,10.36,-3.07,-3.34,-3.97
6418.40,-13.96,-9.93,-14.00,-10.12,10.59,12.59,10.54,-3.37,-3.40,-4.03
6482.58,-13.74,-9.67,-13.94,-10.05,10.33,12.47,10.72,-3.41,-3.61,-4.07
6547.41,-13.44,-9.30,-13.94,-10.04,10.19,12.36,10.92,-3.25,-3.75,-4.14
6612.88,-13.47,-9.27,-14.10,-10.22,10.18,12.26,11.13,-3.29,-3.92,-4.20
6679.01,-13.89,-9.64,-14.51,-10.64,10.32,12.16,11.34,-3.57,-4.18,-4.25
6745.80,-14.61,-10.30,-15.05,-11.21,10.62,12.07,11.57,-3.99,-4.43,-4.31
6813.26,-15.21,-10.83,-15.57,-11.76,10.92,11.98,11.80,-4.29,-4.65,-4.38
6881.39,-15.76,-11.29,-15.99,-12.21,11.20,11.90,12.04,-4.56,-4.78,-4.47
6950.21,-16.30,-11.73,-16.27,-12.52,11.50,11.83,12.28,-4.80,-4.77,-4.57
7019.71,-16.67,-11.99,-16.46,-12.75,11.80,11.76,12.54,-4.87,-4.66,-4.68
7089.91,-16.98,-12.19,-16.60,-12.91,12.09,11.69,12.79,-4.89,-4.51,-4.79
7160.81,-17.31,-12.38,-16.70,-13.03,12.35,11.62,13.05,-4.96,-4.35,-4.93
7232.41,-17.78,-12.71,-16.79,-13.13,12.58,11.56,13.30,-5.20,-4.21,-5.07
7304.74,-18.20,-12.98,-16.85,-13.19,12.77,11.51,13.56,-5.43,-4.08,-5.22
7377.79,-18.77,-13.40,-16.86,-13.19,12.91,11.45,13.80,-5.86,-3.95,-5.37
7451.56,-18.95,-13.44,-16.82,-13.14,13.00,11.40,14.03,-5.95,-3.83,-5.51
7526.08,-18.80,-13.16,-16.77,-13.07,13.03,11.35,14.25,-5.77,-3.74,-5.64
7601.34,-18.67,-12.94,-16.71,-12.98,13.01,11.30,14.45,-5.67,-3.71,-5.73
7677.35,-18.72,-12.95,-16.66,-12.88,12.93,11.25,14.62,-5.79,-3.73,-5.77
7754.13,-18.69,-12.93,-16.59,-12.77,12.80,11.21,14.76,-5.89,-3.78,-5.76
7831.67,-18.56,-12.86,-16.49,-12.63,12.65,11.16,14.86,-5.91,-3.84,-5.70
7909.98,-18.35,-12.76,-16.39,-12.47,12.47,11.12,14.92,-5.88,-3.91,-5.59
7989.08,-18.07,-12.64,-16.27,-12.30,12.30,11.08,14.94,-5.77,-3.97,-5.43
8068.98,-17.61,-12.39,-16.14,-12.11,12.12,11.04,14.91,-5.49,-4.02,-5.22
8149.67,-17.10,-12.14,-16.02,-11.93,11.93,11.00,14.84,-5.17,-4.08,-4.96
8231.16,-16.32,-11.66,-15.90,-11.75,11.74,10.96,14.72,-4.58,-4.16,-4.66
8313.47,-15.51,-11.21,-15.79,-11.56,11.54,10.92,14.56,-3.97,-4.24,-4.30
8396.61,-14.82,-10.92,-15.64,-11.35,11.34,10.88,14.36,-3.48,-4.30,-3.90
8480.57,-14.10,-10.64,-15.50,-11.13,11.14,10.84,14.13,-2.96,-4.36,-3.46
8565.38,-13.02,-10.02,-15.40,-10.95,10.95,10.79,13.88,-2.08,-4.46,-3.00
8651.03,-12.19,-9.70,-15.31,-10.77,10.75,10.75,13.60,-1.44,-4.56,-2.49
8737.54,-11.59,-9.66,-15.21,-10.58,10.57,10.71,13.31,-1.03,-4.65,-1.93
8824.92,-10.86,-9.51,-15.12,-10.39,10.39,10.67,13.01,-0.47,-4.73,-1.35
8913.17,-10.16,-9.39,-15.05,-10.22,10.24,10.63,12.69,0.08,-4.81,-0.77
9002.30,-9.70,-9.51,-15.02,-10.08,10.11,10.58,12.38,0.41,-4.91,-0.19
9092.32,-10.05,-10.35,-15.02,-9.97,10.00,10.54,12.06,-0.06,-5.03,0.30
9183.25,-10.61,-11.29,-15.05,-9.88,9.90,10.49,11.75,-0.71,-5.15,0.68
9275.08,-10.77,-11.71,-15.10,-9.82,9.82,10.44,11.44,-0.96,-5.29,0.94
9367.83,-10.69,-11.75,-15.17,-9.77,9.75,10.39,11.13,-0.94,-5.42,1.06
9461.51,-10.84,-11.87,-15.23,-9.72,9.70,10.34,10.83,-1.14,-5.53,1.03
9556.12,-11.33,-12.18,-15.30,-9.66,9.65,10.28,10.54,-1.68,-5.65,0.85
9651.68,-12.09,-12.58,-15.36,-9.61,9.61,10.23,10.26,-2.48,-5.75,0.49
9748.20,-13.06,-13.05,-15.43,-9.56,9.57,10.17,9.99,-3.49,-5.86,-0.01
9845.68,-14.31,-13.65,-15.51,-9.52,9.52,10.11,9.72,-4.79,-5.99,-0.66
9944.14,-15.41,-14.00,-15.60,-9.49,9.48,10.05,9.47,-5.93,-6.12,-1.41
10043.58,-16.13,-13.89,-15.68,-9.45,9.43,9.98,9.23,-6.70,-6.25,-2.24
10144.02,-16.29,-13.15,-15.76,-9.39,9.39,9.91,9.00,-6.91,-6.38,-3.14
10245.46,-16.35,-12.29,-15.85,-9.34,9.34,9.84,8.77,-7.01,-6.51,-4.06
10347.91,-16.22,-11.26,-15.93,-9.29,9.29,9.77,8.56,-6.93,-6.64,-4.96
10451.39,-15.16,-9.36,-16.02,-9.24,9.25,9.69,8.36,-5.91,-6.78,-5.80
10555.91,-14.32,-7.77,-16.12,-9.20,9.20,9.61,8.17,-5.12,-6.92,-6.55
10661.46,-16.48,-9.29,-16.22,-9.15,9.15,9.53,7.99,-7.33,-7.07,-7.19
10768.08,-17.11,-9.42,-16.32,-9.11,9.11,9.44,7.81,-8.00,-7.21,-7.69
10875.76,-16.11,-8.07,-16.43,-9.07,9.07,9.36,7.65,-7.05,-7.36,-8.04
10984.52,-15.43,-7.13,-16.54,-9.02,9.02,9.27,7.50,-6.41,-7.52,-8.30
11094.36,-14.47,-6.02,-16.66,-8.98,8.98,9.18,7.37,-5.49,-7.67,-8.45
11205.31,-12.21,-3.68,-16.78,-8.95,8.95,9.09,7.24,-3.27,-7.83,-8.53
11317.36,-9.29,-0.68,-16.90,-8.91,8.91,8.99,7.12,-0.38,-7.99,-8.61
11430.53,-9.60,-0.89,-17.03,-8.87,8.87,8.90,7.01,-0.73,-8.15,-8.71
11544.84,-10.59,-1.76,-17.16,-8.84,8.84,8.82,6.92,-1.75,-8.32,-8.83
11660.29,-10.42,-1.43,-17.29,-8.81,8.81,8.73,6.83,-1.61,-8.48,-8.99
11776.89,-11.24,-2.05,-17.43,-8.78,8.78,8.65,6.76,-2.47,-8.65,-9.19
11894.66,-14.13,-4.71,-17.57,-8.75,8.75,8.57,6.69,-5.39,-8.83,-9.42
12013.60,-17.79,-8.06,-17.72,-8.72,8.72,8.50,6.64,-9.07,-9.00,-9.73
12133.74,-19.99,-9.87,-17.87,-8.69,8.69,8.44,6.60,-11.30,-9.18,-10.12
12255.08,-21.46,-10.86,-18.02,-8.66,8.66,8.38,6.58,-12.80,-9.36,-10.60
12377.63,-22.09,-10.96,-18.18,-8.64,8.64,8.34,6.56,-13.45,-9.54,-11.13
12501.41,-22.40,-10.69,-18.35,-8.62,8.62,8.31,6.56,-13.78,-9.73,-11.71
12626.42,-23.97,-11.65,-18.51,-8.60,8.60,8.29,6.58,-15.38,-9.92,-12.32
12752.68,-24.46,-11.55,-18.68,-8.58,8.58,8.28,6.61,-15.89,-10.11,-12.91
12880.21,-24.33,-10.86,-18.86,-8.56,8.56,8.28,6.65,-15.77,-10.30,-13.47
13009.01,-23.48,-9.49,-19.04,-8.54,8.54,8.30,6.72,-14.94,-10.50,-13.99
13139.10,-22.95,-8.51,-19.22,-8.52,8.52,8.33,6.80,-14.43,-10.69,-14.44
13270.49,-22.70,-7.92,-19.40,-8.51,8.51,8.36,6.89,-14.19,-10.89,-14.78
13403.20,-22.18,-7.19,-19.59,-8.50,8.50,8.41,7.01,-13.68,-11.10,-14.99
13537.23,-22.10,-6.98,-19.79,-8.49,8.49,8.46,7.15,-13.62,-11.30,-15.12
13672.60,-20.74,-5.59,-19.99,-8.48,8.48,8.51,7.31,-12.27,-11.51,-15.15
13809.33,-19.97,-4.86,-20.19,-8.47,8.47,8.57,7.50,-11.51,-11.72,-15.11
13947.42,-19.23,-4.24,-20.39,-8.46,8.46,8.63,7.71,-10.77,-11.94,-14.99
14086.90,-18.30,-3.49,-20.60,-8.45,8.45,8.68,7.95,-9.85,-12.15,-14.81
14227.77,-17.51,-2.91,-20.82,-8.45,8.45,8.74,8.22,-9.06,-12.37,-14.60
14370.04,-17.16,-2.74,-21.04,-8.45,8.45,8.79,8.52,-8.72,-12.59,-14.42
14513.74,-18.13,-3.83,-21.26,-8.44,8.44,8.83,8.86,-9.69,-12.81,-14.30
14658.88,-19.06,-4.83,-21.48,-8.44,8.44,8.88,9.23,-10.62,-13.04,-14.23
14805.47,-19.50,-5.25,-21.71,-8.44,8.44,8.91,9.63,-11.06,-13.27,-14.25
14953.52,-20.35,-6.02,-21.95,-8.45,8.45,8.94,10.06,-11.90,-13.50,-14.33
15103.06,-21.73,-7.21,-22.18,-8.45,8.45,8.95,10.51,-13.28,-13.73,-14.52
15254.09,-22.95,-8.17,-22.43,-8.46,8.46,8.96,10.98,-14.50,-13.97,-14.78
15406.63,-24.81,-9.74,-22.67,-8.46,8.46,8.96,11.43,-16.35,-14.21,-15.07
15560.70,-26.97,-11.56,-22.92,-8.47,8.47,8.96,11.84,-18.50,-14.45,-15.41
15716.30,-28.33,-12.57,-23.17,-8.48,8.48,8.94,12.17,-19.85,-14.69,-15.76
15873.47,-29.74,-13.63,-23.43,-8.49,8.49,8.91,12.35,-21.25,-14.94,-16.11
16032.20,-30.88,-14.40,-23.69,-8.50,8.50,8.87,12.35,-22.38,-15.19,-16.48
16192.52,-30.78,-13.90,-23.96,-8.52,8.52,8.83,12.14,-22.26,-15.44,-16.88
16354.45,-30.91,-13.72,-24.23,-8.53,8.53,8.77,11.72,-22.38,-15.69,-17.19
16517.99,-31.58,-14.18,-24.50,-8.55,8.55,8.70,11.14,-23.03,-15.95,-17.40
16683.17,-34.24,-16.74,-24.78,-8.57,8.57,8.62,10.43,-25.67,-16.21,-17.50
16850.01,-34.14,-16.65,-25.06,-8.59,8.59,8.52,9.66,-25.55,-16.47,-17.49
17018.51,-30.34,-12.96,-25.34,-8.61,8.61,8.42,8.86,-21.73,-16.74,-17.38
17188.69,-29.74,-12.42,-25.63,-8.63,8.63,8.30,8.07,-21.11,-17.00,-17.32
17360.58,-30.82,-13.66,-25.93,-8.65,8.65,8.17,7.30,-22.17,-17.27,-17.16
17534.18,-30.89,-13.94,-26.22,-8.68,8.68,8.02,6.58,-22.21,-17.54,-16.95
17709.53,-28.94,-12.21,-26.52,-8.70,8.70,7.86,5.89,-20.24,-17.82,-16.73
17886.62,-26.67,-10.14,-26.83,-8.73,8.73,7.68,5.26,-17.94,-18.09,-16.53
18065.49,-24.78,-8.24,-27.14,-8.76,8.76,7.48,4.67,-16.02,-18.37,-16.54
18246.14,-23.04,-6.33,-27.45,-8.79,8.79,7.27,4.13,-14.25,-18.66,-16.71
18428.60,-21.50,-4.62,-27.77,-8.82,8.82,7.04,3.63,-12.68,-18.94,-16.88
18612.89,-21.26,-4.22,-28.09,-8.86,8.86,6.78,3.17,-12.40,-19.23,-17.04
18799.02,-21.83,-4.65,-28.41,-8.89,8.89,6.51,2.76,-12.94,-19.52,-17.18
18987.01,-22.95,-5.63,-28.74,-8.93,8.93,6.21,2.38,-14.02,-19.81,-17.32
19176.88,-24.17,-6.43,-29.07,-8.97,8.97,5.88,2.04,-15.20,-20.10,-17.74
19368.65,-24.97,-6.79,-29.41,-9.01,9.01,5.53,1.73,-15.97,-20.40,-18.18
19562.33,-25.39,-6.78,-29.75,-9.05,9.05,5.14,1.45,-16.35,-20.70,-18.61
19757.96,-26.02,-6.99,-30.09,-9.09,9.09,4.73,1.21,-16.93,-21.00,-19.03
19955.54,-26.47,-7.04,-30.44,-9.13,9.13,4.29,0.99,-17.34,-21.31,-19.43
